2;2;5;448;10;1183;智海;SLv.30++;8630118;8630119;1;120;0;0;0;0;0;0;0
2;2;5;449;6;1184;伊卡洛斯之翼;SLv.30++;8630118;8630119;1;121;0;0;0;0;0;0;0
2;2;5;445;3;1160;铁之考验;SLV.26++;8630116;8630117;0;119;0;0;0;0;0;0;0
2;2;5;444;3;1161;赫利波尔要塞;SLV.26++;8630114;8630115;0;118;0;0;0;0;0;0;0
2;2;5;66103;5;1002;葬剑幻谷;SLV.22++;8630112;8630113;0;117;0;0;0;0;0;0;0
2;2;5;440;5;1153;曼赤肯仓库;SLV.18++;8630110;8630111;0;115;0;0;0;0;0;0;0
2;2;5;441;3;1154;翡翠世界;SLV.18++;8630110;8630111;0;116;0;0;0;0;0;0;0
2;2;5;66102;5;1000;归元木匣;SLv. 14++;8630108;8630109;0;114;0;0;0;0;0;0;0
1;24;6;438;3;1140;普塞乌达里亚;SLv.10++;0;0;0;0;0;0;0;0;0;0;0;0
2;2;5;1437;5;1141;被吞噬的魔法办公楼;SLv.10++;8630106;8630107;0;113;0;0;0;0;0;0;0
2;2;5;427;3;1090;蘑菇树沼泽;ULv.5000++;8630102;8630103;0;109;0;0;0;0;0;0;0
2;2;5;428;3;1091;丽西泰亚之门;ULv.5000++;8630102;8630103;0;110;0;0;0;0;0;0;0
2;2;5;424;5;1084;摩克沙;ULv.4600++;8630100;8630101;0;107;0;0;0;0;0;0;0
2;2;5;425;3;1085;诺尼尔之泪;ULv.4600++;8630100;8630101;0;108;0;0;0;0;0;0;0
2;2;5;90085;3;546;薇娅斯梦境;ULv.4400++;8630098;8630099;0;106;0;0;0;0;0;0;0
2;2;5;417;3;1080;尼夫海姆站;ULv.4200++;8630096;8630097;0;104;0;0;0;0;0;0;0
2;2;5;418;5;1079;穆斯菲尔斯隧道;ULv.4200++;8630096;8630097;0;105;0;0;0;0;0;0;0
2;2;5;4350;6;1101;普累罗麻;SLv0.01++;8630104;8630105;1;112;0;0;0;0;0;0;0
2;2;5;434;5;1100;残缺边界;SLv0.01++;8630104;8630105;0;111;0;0;0;0;0;0;0
1;24;6;66101;3;661;魔发城堡;SLV0.01++;0;0;0;0;0;0;0;0;0;0;0;0
2;2;4;90077;3;970;群星宫殿;ULv.4000++;8630094;8630095;0;0;0;0;0;0;0;0;0;0
2;2;5;90074;3;967;水下培养皿·失魂寺;ULv.4000++;8630092;8630093;0;103;0;0;0;0;0;0;0
2;2;5;402;3;1062;埃吉尔遗迹;ULv.3800++;8630090;8630091;0;101;0;0;0;0;0;0;0
2;2;5;403;3;1061;阿特拉斯庭院;ULv.3800++;8630090;8630091;0;102;0;0;0;0;0;0;0
2;3;4;90065;3;965;时空之泉;ULv.3600++;8630088;8630089;0;0;0;0;0;0;0;0;0;0
1;24;6;294;3;382;珊瑚之歌;ULv.3600++;0;0;0;0;0;0;0;0;0;0;0;0
2;3;4;90068;3;964;穿梭之都;ULv.3600++;8630088;8630089;0;0;0;0;0;0;0;0;0;0
2;2;5;393;3;1050;黑月的考验;ULv.3400++;8630086;8630087;0;99;0;0;0;0;0;0;0
2;2;5;394;3;1046;大地的考验;ULv.3400++;8630086;8630087;0;100;0;0;0;0;0;0;0
2;2;5;385;3;1036;消失的星之歌;ULv.3200++;8630084;8630085;0;97;0;0;0;0;0;0;0
2;2;5;386;3;1037;黄昏教堂;ULv.3200++;8630084;8630085;0;98;0;0;0;0;0;0;0
2;2;5;384;3;1032;精灵树桩;ULv.3000++;8630082;8630083;0;96;0;0;0;0;0;0;0
2;2;5;383;3;1031;生命之恩泰莱凯;ULv.3000++;8630082;8630083;0;95;0;0;0;0;0;0;0
1;24;6;90056;3;898;泡泡战舰;ULv.2800++;0;0;0;0;0;0;0;0;0;0;0;0
2;2;4;5180;5;518;流水回廊;ULv.2800++;69570030;69570031;0;0;0;0;0;0;0;0;0;0
2;2;5;376;3;1017;艾乌加蒙剧场;ULv.2600++;8630080;8630081;0;94;0;0;0;0;0;0;0
2;2;5;375;3;1018;深渊之镜;ULv.2600++;8630080;8630081;0;93;0;0;0;0;0;0;0
2;2;5;8970;3;897;普洛菲司台;ULv.2600++;8630078;8630079;0;89;8710021;8;8719900;6;8710000;3;900000000
2;2;5;8960;3;896;霍普占卜室;ULv.2600++;8630078;8630079;0;88;8710021;6;8719900;6;8710000;2;1500000000
2;2;5;373;3;1014;卡伊洛斯的时间;ULv.2400++;8630076;8630077;0;87;8710020;6;8719900;9;8710000;3;1250000000
1;24;6;372;3;1015;克洛诺斯的时间;ULv.2400++;0;0;0;0;0;0;0;0;0;0;0;0
2;2;5;370;3;1008;炼狱阿兹雷尔;ULv.2200++;8630074;8630075;0;86;8710019;8;8719900;6;8710000;3;1500000000
2;2;5;369;3;1009;巴尼塔斯;ULv.2200++;8630074;8630075;0;85;8710019;6;8719900;6;8710000;2;1150000000
2;2;5;8930;3;893;哈姆克公爵府;ULv.2000++;8630072;8630073;0;84;8710018;12;8719900;9;8710000;3;1500000000
2;2;5;8920;3;892;圣字教堂;ULv.2000++;8630072;8630073;0;83;8710018;6;8719900;6;8710000;2;1500000000
2;2;5;366;3;499;阿科洛之棺;ULv.2000++;8630070;8630071;0;82;8710017;6;8719900;9;8710000;3;1500000000
2;2;5;361;3;491;回声泉;ULv.2000++;8630068;8630069;0;81;8710016;8;8719900;6;8710000;3;1200000000
2;2;4;374;3;1016;未知森林;ULv.2000++;8630076;8630077;0;0;0;0;0;0;0;0;0;0
1;24;6;365;3;494;心脏的记忆;ULv.2000++;0;0;0;0;0;0;0;0;0;0;0;0
2;2;5;360;3;492;冰狱;ULv.2000++;8630068;8630069;0;80;8710016;6;8719900;6;8710000;2;1000000000
2;2;5;350;3;472;希列;ULv.1600++;8630066;8630067;0;78;8710015;6;8719900;6;8710000;2;1000000000
2;2;5;351;3;470;盟约圣地;ULv.1600++;8630066;8630067;0;79;8710015;8;8719900;6;8710000;3;800000000
1;24;6;352;3;469;龙猫妹妹庭院;ULv.1600++;0;0;0;0;0;0;0;0;0;0;0;0
2;2;4;8880;3;888;傀儡牢狱;ULv.1500++;8630036;8630037;0;92;8710000;3;8719900;6;0;0;1500000000
2;2;5;348;3;460;幻之摇篮;ULv.1500++;8630064;8630065;0;73;8710014;6;8719900;6;8710000;2;600000000
2;2;5;349;3;461;玫瑰庭院;ULv.1500++;8630064;8630065;0;74;8710014;8;8719900;6;8710000;3;800000000
0;3;3;8620000;0;1133;证明之塔;Ulv.1500;0;0;0;0;0;0;0;0;0;0;0;0
0;2;4;8850;3;885;八卦阵赛场;ULv.1500++;8630036;8630037;0;90;8710000;3;8719900;6;0;0;1500000000
2;3;4;8860;3;886;武林大会;ULv.1500++;8630036;8630037;0;91;8710000;3;8719900;6;0;0;1000000000
2;2;5;345;3;456;虚无之星;ULv.1400++;8630062;8630063;0;71;8710013;6;8719900;6;8710000;2;900000000
2;2;5;346;3;457;忘却湖畔;ULv.1400++;8630062;8630063;0;72;8710013;8;8719900;6;8710000;3;1080000000
2;2;5;338;3;441;魔力防空洞;ULv.1200++;8630060;8630061;0;68;8710012;6;8719900;6;8710000;2;800000000
2;2;5;8760;3;876;山海归墟;ULv.1200++;8630036;8630037;0;70;8710011;4;8719900;6;8710000;3;900000000
1;24;6;329;3;432;魔法学院主楼;ULv.1200++;0;0;0;0;0;0;0;0;0;0;0;0
2;2;4;8830;3;883;卡夫卡剧场;ULv.1200++;69570030;69570031;0;0;0;0;0;0;0;0;0;0
2;2;5;337;3;443;梦境奥涅伊鲁;ULv.1200++;8630060;8630061;0;69;8710012;8;8719900;6;8710000;3;960000000
2;2;5;87100;3;871;神笔画卷;ULv.1000++;8630036;8630037;0;67;8710011;4;8719900;6;8710000;3;750000000
2;2;5;324;3;418;神树拉菲尔;ULv. 1000++;8630034;8630035;0;66;8710010;8;8719900;6;8710000;3;900000000
2;2;5;325;3;416;龙之峡谷;ULv. 1000++;8630034;8630035;0;65;8710010;6;8719900;6;8710000;2;750000000
1;24;6;310;3;414;怪物树山山谷;ULv. 800++;0;0;0;0;0;0;0;0;0;0;0;0
2;2;5;306;3;408;奈落之屋;ULv.650++;8630032;8630033;0;62;8710008;8;8719900;6;8710000;3;600000000
2;2;5;305;3;406;超能者纪念馆;ULv.650++;8630032;8630033;0;61;8710008;6;8719900;6;8710000;2;500000000
1;24;6;271;3;352;扭曲的世界树;ULv.600++;0;0;0;0;0;0;0;0;0;0;0;0
1;24;6;69700;3;697;阿尔福那酒店;ULv.500++;0;0;0;0;0;0;0;0;0;0;0;0
2;2;5;69900;3;699;水下培养皿;ULv.500++;69570030;69570031;0;64;8710009;6;8719900;9;8710000;3;750000000
2;2;5;69600;3;696;燥热键盘;ULv.500++;69570030;69570031;0;63;8710009;6;8719900;6;8710000;2;500000000
2;2;5;298;6;384;冰封雪域;ULv.500++;8630028;8630029;1;59;8710006;8;8719900;6;8710000;3;1200000000
2;2;5;297;6;387;混沌峡谷;ULv.450++;8630028;8630029;1;58;8710006;12;8719900;6;8710000;1;1500000000
2;2;5;290;6;377;幻影毒雾沼泽;ULv.450++;8630024;8630025;1;57;8710005;12;8719900;9;8710000;3;1000000000
2;2;5;289;6;379;浮游岛;ULv.450++;8630024;8630025;1;56;8710005;6;8719900;6;8710000;2;1000000000
2;2;5;283;6;369;宝石丛林;ULv.400++;8630022;8630023;1;55;8710004;6;8719900;9;8710000;3;1000000000
1;24;6;282;3;371;瀑布丛林;ULv.350++;0;0;0;0;0;0;0;0;0;0;0;0
2;2;4;19866;3;902;无尽迷失者：精神交错;ULv.300++;8630026;8630027;0;53;8710003;12;8719900;9;8710000;3;100000000
2;2;4;19868;3;901;神庙探索者：腐化核心;ULv.300++;8630026;8630027;0;54;8710003;12;8719900;9;8710000;3;100000000
2;2;5;274;6;357;太阳神地下祭坛;ULv.300++;8630020;8630021;1;50;8710002;8;8719900;6;8710000;3;450000000
2;2;4;278;3;904;地城追猎者：蚁穴迷踪;ULv.300++;8630026;8630027;0;52;8710003;12;8719900;9;8710000;3;100000000
2;2;4;277;3;905;宇宙开拓者：星际银河;ULv.300++;8630026;8630027;0;51;8710003;12;8719900;9;8710000;3;100000000
1;24;6;269;3;350;巧克力花园;ULv.250++;0;0;0;0;0;0;0;0;0;0;0;0
2;2;5;273;6;356;太阳宫殿;ULv.220++;8630020;8630021;1;49;8710002;6;8719900;6;8710000;2;600000000
2;2;5;272;6;351;矮人飞艇;ULv.200++;0;0;1;48;8710002;10;8719900;5;8710000;1;640000000
2;2;5;303;6;389;阿玛伦宝库;ULv.150++;8630030;8630031;1;60;8710007;6;8719900;3;8710000;1;1000000000
1;24;6;302;3;390;拉之城墙;ULv.100++;0;0;0;0;0;0;0;0;0;0;0;0
1;24;6;257;3;337;欧若拉庭院;ULv.1++;0;0;0;0;0;0;0;0;0;0;0;0
2;2;5;285;6;372;春植岛纪念馆;Lv.300++;0;0;1;122;8719900;3;8710000;3;150000000;510308;0
2;2;5;265;6;345;神秘殿堂;Lv.300++;8630018;8630019;1;45;8710001;2;8719900;2;8710000;2;120000000
2;2;5;266;6;343;恶魔峡谷;Lv.300++;8630018;8630019;1;46;8710001;2;8719900;2;8710000;2;120000000
1;24;3;201101;1;869;星之伊甸;Lv.300++;0;0;0;0;0;0;0;0;0;0;0;0
2;2;5;268;6;349;神圣教堂;Lv.300++;8630018;8630019;1;47;8710001;4;8719900;3;8710000;3;150000000
0;2;2;259;5;340;魔石实验室;Lv.300++;0;0;0;44;0;0;0;0;0;0;200000000
0;2;2;256;5;334;破坏之城;Lv.300++;0;0;0;43;0;0;0;0;0;0;200000000
0;2;2;255;5;332;隐藏的洞穴;Lv.295++;0;0;0;42;0;0;0;0;0;0;150000000
0;2;2;201;5;324;龙皇殿;Lv.294++;0;0;0;41;0;0;0;0;0;0;150000000
0;2;2;200;5;323;月华苑;Lv.292++;0;0;0;40;0;0;0;0;0;0;120000000
0;2;4;90069;5;966;镜中世界，BOSS大集合;Lv.290++;0;0;0;0;0;0;0;0;0;0;0;0
1;24;6;328;3;431;魔法修炼馆;Lv.290++;0;0;0;0;0;0;0;0;0;0;0;0
0;2;2;284;6;374;冰激凌庭院;Lv.290++;0;0;0;0;0;0;0;0;0;0;0;0
0;2;3;37161;0;161;斗兽场 英雄战场;;0;0;0;0;0;0;0;0;0;0;0;0
0;2;3;191;5;310;索拉城斗兽场;Lv.290++;0;0;0;38;0;0;0;0;0;0;200000000
0;2;2;96107;5;586;影子之书;Lv.290++;0;0;0;39;0;0;0;0;0;0;100000000
0;2;2;435;5;693;神秘的迷宫教室入口;Lv.285++;0;0;0;37;0;0;0;0;0;0;200000000
1;24;6;258;3;341;里维拉市政府;Lv.280++;0;0;0;0;0;0;0;0;0;0;0;0
0;2;2;155;5;283;世界之树;Lv.280++;0;0;0;36;0;0;0;0;0;0;200000000
0;2;2;96106;5;843;路德维希大峡谷;Lv.275++;0;0;0;32;0;0;0;0;0;0;60000000
0;2;2;19865;5;865;流体实验室;Lv.270++;0;0;0;30;0;0;0;0;0;0;75000000
0;2;2;95800;5;833;记忆深谷;Lv.270++;0;0;0;29;0;0;0;0;0;0;60000000
0;2;2;159;5;273;梦之路;Lv.270++;0;0;0;35;0;0;0;0;0;0;100000000
0;2;2;158;5;272;月之路;Lv.270++;0;0;0;34;0;0;0;0;0;0;75000000
0;2;2;157;5;271;花之路;Lv.270++;0;0;0;33;0;0;0;0;0;0;60000000
0;2;2;772;5;669;秘密实验室;Lv.270++;0;0;0;28;0;0;0;0;0;0;60000000
0;2;3;37160;0;160;斗兽场 高级战场;;0;0;0;0;0;0;0;0;0;0;0;0
0;2;2;19867;5;867;腐化之眼;Lv.270++;0;0;0;31;0;0;0;0;0;0;75000000
0;2;2;94901;5;830;幻想梦境;Lv.260++;0;0;0;0;0;0;0;0;0;0;0;0
0;2;2;144;5;231;燃烧丛林;Lv.260++;0;0;0;27;0;0;0;0;0;0;80000000
1;24;6;156;3;285;地铁中枢;Lv.260++;0;0;0;0;0;0;0;0;0;0;0;0
0;2;2;82800;5;828;海嘉尔大桥;Lv.255++;0;0;0;26;0;0;0;0;0;0;30000000
0;2;2;98530;5;330;梦幻图书馆;Lv.250++;0;0;0;25;0;0;0;0;0;0;30000000
0;3;2;186;5;585;吉恩蒂亚仓库;Lv.240++;0;0;0;0;0;0;0;0;0;0;0;0
1;24;6;276;3;362;夕阳森林;Lv.240++;0;0;0;0;0;0;0;0;0;0;0;0
0;2;2;745;5;931;天空之城;Lv.240++;0;0;0;24;0;0;0;0;0;0;15000000
0;2;2;747;5;936;空中战场;Lv.240++;0;0;0;0;0;0;0;0;0;0;0;0
0;2;2;123;5;206;虎狼寺;Lv.240++;0;0;0;0;0;0;0;0;0;0;0;0
0;2;2;32601;5;326;迷之仓库;Lv.230++;0;0;0;23;0;0;0;0;0;0;20000000
0;2;2;152;5;255;餐厅大乱斗;Lv.230++;0;0;0;0;0;0;0;0;0;0;0;0
0;2;2;98501;5;293;白色平原;Lv.230++;0;0;0;22;0;0;0;0;0;0;200000000
0;2;2;37;5;116;蛤蟆谷;Lv.230++;0;0;0;0;0;0;0;0;0;0;0;0
0;2;2;36;5;115;蛤蟆洞穴;Lv.225++;0;0;0;0;0;0;0;0;0;0;0;0
0;2;2;98502;5;54;肚子密室;Lv.225++;0;0;0;0;0;0;0;0;0;0;0;0
0;2;2;35;5;114;蛤蟆山岳;Lv.222++;0;0;0;0;0;0;0;0;0;0;0;0
0;2;2;143;5;229;封印之塔地下;Lv.220++;0;0;0;0;0;0;0;0;0;0;0;0
0;2;2;601;3;700;水晶洞穴;Lv.220++;0;0;0;0;0;0;0;0;0;0;0;0
0;2;2;34;5;113;蛤蟆森林;Lv.220++;0;0;0;0;0;0;0;0;0;0;0;0
0;2;2;118;15;201;秘密藏书库;Lv.217++;0;0;0;21;0;0;0;0;0;0;5000000
0;2;2;744;15;199;遗忘花园;Lv.210++;0;0;0;20;0;0;0;0;0;0;3500000
0;2;3;437;5;304;珊瑚森林;Lv.205++;0;0;0;19;0;0;0;0;0;0;100000000
0;2;2;602;5;702;宝库洞穴;Lv.200++;0;0;0;0;0;0;0;0;0;0;0;0
0;2;3;37159;0;159;斗兽场 中级战场;;0;0;0;0;0;0;0;0;0;0;0;0
0;2;2;124;5;209;星之峭壁;Lv.200++;0;0;0;0;0;0;0;0;0;0;0;0
1;24;3;90061;1;955;无尽繁星大厅;Lv.200+;0;0;0;0;0;0;0;0;0;0;0;0
0;3;3;518000;0;682;探险家神殿;Lv.200++;0;0;0;0;0;0;0;0;0;0;0;0
0;2;3;275;1;361;藏宝洞穴;Lv.200+;0;0;0;0;0;0;0;0;0;0;0;0
0;2;3;436;5;974;火山超能场;Lv.200++;0;0;0;18;0;0;0;0;0;0;100000000
0;2;2;125;5;211;星之摇篮;Lv.200++;0;0;0;17;0;0;0;0;0;0;700000
0;2;1;41;5;139;不知名的世界;Lv.195++;0;0;0;16;0;0;0;0;0;0;150000
0;2;1;63;5;144;地狱之门;Lv.195++;0;0;0;15;0;0;0;0;0;0;150000
0;3;3;801;0;705;通天塔;Lv.180++;0;0;0;0;0;0;0;0;0;0;0;0
0;2;1;14;5;88;瓦尔哈拉;Lv.175++;0;0;0;14;0;0;0;0;0;0;500000
1;24;3;90064;3;961;深层混乱世界;Lv.160+;0;0;0;0;0;0;0;0;0;0;0;0
1;24;3;90063;1;960;混乱世界;Lv.160+;0;0;0;0;0;0;0;0;0;0;0;0
0;2;1;38;5;132;精灵城;Lv.140++;0;0;0;12;0;0;0;0;0;0;150000
0;2;1;39;5;135;黑暗塔城;Lv.140++;0;0;0;13;0;0;0;0;0;0;150000
0;2;1;40;5;138;空中楼阁;Lv.135+;0;0;0;11;0;0;0;0;0;0;150000
0;2;1;13;5;82;齐麦罗研究所;Lv.120++;0;0;0;10;0;0;0;0;0;0;300000
0;2;1;10;5;65;早已冷却的心脏;Lv.105++;0;0;0;9;0;0;0;0;0;0;100000
0;2;2;5;5;60;极地迷宫;Lv.100++;0;0;0;8;0;0;0;0;0;0;200000
0;2;2;12;5;83;领主房间;Lv.83++;0;0;0;7;0;0;0;0;0;0;80000
0;2;1;7;5;62;哥特房屋;Lv.75+;0;0;0;6;0;0;0;0;0;0;60000
0;2;2;11;5;45;幽灵船长船室;Lv.73++;0;0;0;5;0;0;0;0;0;0;80000
0;2;1;9;5;64;金字塔;Lv.70++;0;0;0;4;0;0;0;0;0;0;80000
0;2;3;37158;0;158;斗兽场 初级战场;;0;0;0;0;0;0;0;0;0;0;0;0
0;2;1;8;5;63;十六的月;Lv.55+;0;0;0;3;0;0;0;0;0;0;50000
0;2;1;6;5;61;香格里拉;Lv.37+;0;0;0;2;0;0;0;0;0;0;60000
0;2;1;4;5;52;蛇龙之巢;Lv.20+;0;0;0;1;0;0;0;0;0;0;50000
0;3;3;15;1;96;怪物大厦;Lv.11++;0;0;0;0;0;0;0;0;0;0;0;0
3;25;0;999002;10;382;奈落·珊瑚之歌;4人;0;0;0;0;0;0;0;0;0;0;0;0
3;25;0;999003;10;374;奈落·冰淇淋庭院;4人;0;0;0;0;0;0;0;0;0;0;0;0
3;25;0;999004;10;334;奈落·破坏之城;4人;0;0;0;0;0;0;0;0;0;0;0;0
3;25;0;999007;10;418;奈落·神树拉菲尔;4人;0;0;0;0;0;0;0;0;0;0;0;0
3;25;0;999006;10;432;奈落·魔法学院主楼;4人;0;0;0;0;0;0;0;0;0;0;0;0
3;25;0;999001;10;384;奈落·冰封雪域;4人;0;0;0;0;0;0;0;0;0;0;0;0
3;25;0;999005;10;52;奈落·蛇龙之巢;4人;0;0;0;0;0;0;0;0;0;0;0;0
